sample	target	subject	297	274	276	294	275	259	298	278	279	299	247	214	293	269	272	260	283	282	287	291	273	268	290	234	211	254	257	235	240	236	216	288	280	300	231	245	246	215	261	212	218	217	253	262	239	244	251	249	252	248	256	232	221	220	238	237	241	243	242	250	258
prel_1	1	1	13	11.5	5.5	8.5	8.5	15	11.5	7	16	13	15.5	14.5	16	11.5	15	12	10.5	15.5	6	11	14.5	15.5	14	11.5	5.5	14	14.5	13	13.5	7.5	10.5	6	12	5.5	3	12.5	10	15.5	13	11.5	9	11	14.5	1.5	9	10	1.5	8	8	14.5	13.5	10	14	6.5	9	12.5	14	13	10.5	6.5	12
prel_2	1	1	13	5	1.5	8.5	8.5	9.5	5	3	8	5.5	2.5	8.5	10.5	6.5	2.5	1	7.5	4	14	11	1	14	5	4.5	3	4	3.5	9.5	2.5	2	1	6	4.5	5.5	13.5	1	6	4.5	3	3.5	1.5	3	2	13.5	9	5	1.5	12.5	3	14.5	5.5	10	8.5	6.5	1	7.5	3.5	5	5	2	5
prel_5	1	1	5	5	11	8.5	8.5	2	11.5	3	8	13	9.5	8.5	1.5	11.5	15	3.5	7.5	4	6	6	9.5	4.5	5	4.5	8.5	4	1.5	9.5	5.5	7.5	3.5	6	4.5	5.5	6.5	5	2.5	4.5	3	3.5	9	6	8	1.5	9	5	6.5	12.5	8	1.5	5.5	10	8.5	6.5	3	12.5	1.5	5	8	10.5	5
prel_6	1	1	13	5	5.5	8.5	8.5	5.5	11.5	11	8	9	9.5	8.5	10.5	2.5	15	8	3	7	14	6	4	4.5	11.5	4.5	13.5	8.5	3.5	5	10.5	13	10.5	12.5	4.5	13	13.5	5	2.5	4.5	13	11.5	9	11	14.5	9	9	15	6.5	12.5	12.5	9	5.5	15	8.5	6.5	3	7.5	10	16	12.5	6.5	5
prel_9	1	1	13	11.5	15	8.5	8.5	2	5	16	8	16	13.5	8.5	15	15.5	8.5	12	3	12.5	14	15.5	9.5	10.5	15.5	15.5	13.5	14	8.5	15.5	15.5	15.5	10.5	15.5	12	13	13.5	15	14.5	15.5	15	11.5	16	15.5	14.5	4.5	9	1.5	6.5	8	15.5	4	13.5	16	16	15.5	15	12.5	16	13	15	12.5	16
prel_10	1	1	13	11.5	11	8.5	8.5	9.5	11.5	11	8	13	13.5	8.5	4.5	11.5	11.5	12	3	12.5	14	11	14.5	10.5	15.5	11.5	5.5	14	14.5	1.5	2.5	15.5	13.5	15.5	12	13	13.5	15	10	11	16	11.5	14	15.5	14.5	15	9	5	6.5	8	15.5	9	13.5	10	14	15.5	15	12.5	15	13	15	6.5	15
prel_13	1	1	5	11.5	11	8.5	8.5	15	1	11	8	13	15.5	2	10.5	15.5	5.5	NA	13	12.5	6	15.5	4	10.5	11.5	11.5	13.5	16	14.5	9.5	13.5	13	3.5	12.5	4.5	16	6.5	15	6	11	13	11.5	9	6	8	9	9	15	15	8	8	3	5.5	3	8.5	13	15	12.5	13	13	15	14.5	5
prel_14	1	1	5	5	11	8.5	8.5	12.5	5	15	8	9	12	14.5	10.5	2.5	11.5	6	10.5	9	6	11	4	4.5	5	11.5	8.5	11	8.5	9.5	7.5	7.5	3.5	6	12	13	9.5	12.5	14.5	11	8.5	11.5	14	11	2	9	9	13	15	4	8	5	13.5	3	2.5	6.5	9	3.5	6	10	10.5	2	5
prel_17	0	1	5	11.5	5.5	8.5	8.5	9.5	11.5	3	8	5.5	2.5	8.5	10.5	11.5	1	9	16	4	6	11	4	15.5	5	4.5	13.5	11	1.5	13	7.5	2	7	1	4.5	13	13.5	9	2.5	11	8.5	11.5	4	3	8	4.5	9	1.5	11	8	3	14.5	13.5	10	8.5	6.5	9	12.5	1.5	5	5	12.5	5
prel_18	0	1	5	5	11	8.5	8.5	5.5	5	3	8	2	7	8.5	10.5	11.5	5.5	12	13	4	14	11	9.5	4.5	5	4.5	3	4	8.5	15.5	5.5	7.5	3.5	6	12	5.5	6.5	9	10	11	8.5	11.5	4	6	8	9	9	8.5	6.5	4	12.5	1.5	5.5	3	14	6.5	3	16	3.5	13	8	6.5	5
prel_3	0	1	5	1.5	1.5	8.5	8.5	5.5	5	11	8	2	5	2	4.5	6.5	11.5	3.5	3	9	6	3	4	1	5	4.5	1	4	8.5	5	10.5	7.5	13.5	6	4.5	5.5	13.5	5	2.5	11	8.5	11.5	9	8.5	8	13.5	9	5	6.5	12.5	3	9	5.5	10	8.5	6.5	9	3.5	10	5	3	6.5	12
prel_4	0	1	5	11.5	5.5	8.5	8.5	5.5	15.5	7	8	9	2.5	8.5	10.5	2.5	8.5	3.5	3	1	6	11	9.5	10.5	5	4.5	11	4	8.5	13	4	7.5	7	6	12	5.5	9.5	5	6	11	8.5	3.5	9	8.5	8	4.5	9	11	6.5	4	8	9	5.5	10	8.5	6.5	9	3.5	10	5	8	6.5	12
prel_7	0	1	5	16	5.5	8.5	8.5	9.5	11.5	7	8	5.5	7	2	4.5	2.5	5.5	3.5	7.5	9	6	6	9.5	4.5	5	4.5	8.5	4	8.5	5	10.5	2	15.5	12.5	4.5	5.5	1	5	10	4.5	3	3.5	9	3	8	16	9	12	12.5	15.5	3	9	5.5	10	8.5	6.5	9	3.5	6	5	5	2	12
prel_8	0	1	13	1.5	5.5	8.5	8.5	2	5	14	8	2	2.5	8.5	1.5	6.5	11.5	NA	7.5	4	6	1	9.5	10.5	5	11.5	8.5	4	8.5	5	1	7.5	7	6	12	5.5	3	2	14.5	4.5	3	3.5	1.5	1	2	4.5	1	15	6.5	2	3	9	5.5	3	2.5	6.5	9	1	10	5	1.5	10.5	5
prel_11	0	1	5	11.5	15	8.5	8.5	15	5	11	8	13	7	8.5	10.5	6.5	2.5	7	13	12.5	6	3	14.5	10.5	11.5	15.5	16	11	14.5	1.5	15.5	7.5	10.5	6	16	5.5	6.5	9	10	1	3	11.5	14	13	8	9	9	8.5	12.5	15.5	12.5	9	13.5	3	2.5	14	9	7.5	10	5	12.5	14.5	5
prel_12	0	1	13	11.5	15	8.5	8.5	12.5	15.5	3	8	5.5	11	16	4.5	11.5	5.5	12	15	15.5	6	3	14.5	4.5	11.5	11.5	3	8.5	8.5	5	10.5	13	15.5	12.5	4.5	5.5	3	11	14.5	4.5	8.5	3.5	4	14	8	12	9	5	15	1	12.5	14.5	5.5	10	2.5	6.5	9	7.5	6	5	1.5	16	12
